
2031	2032
1743	1744
1455	1456
2030
1982
1934
1886
1838
1790
1742
1694
1646
1598
1550
1502
1454
2036
1988
1940
1892
1844
1796
1748
1750
1702
1654
1606
1558
1510
1462
1749
2037
1461
1460
2038
2042
1994
1946
1898
1850
1802
1754
1706
1658
1610
1562
1514
1466
1467	1468
2048
2000
1952
1904
1856
1808
1760
1712
1664
1616
1568
1520
1472
2051
2003
1955
1907
1859
1811
1763
1715
1667
1619
1571
1523
1475
2049	2050
1809	1810
438	439	440	441
390	391	392	393
342	343	344	345
582
534
486
386	387	388	389
338	339	340	341
434	435	436
580
532
484
304
353
402
257
210
255
351
398
206
315
364
413
268
221
266
362
409
217
