1589
1541
1493
1445
1397
1349
1301
1253
1205
1157
1109
1061
1013
965
917
869
821
918
870
967
919
1592
1544
1496
1448
1400
1352
1304
1256
1208
1160
1112
1064
1016
968
922
874
1595
1547
1499
1451
1403
1355
1307
1259
1211
1163
1115
1067
1019
971
923
875
827
1598
1550
1502
1454
1406
1358
1310
1262
1214
1166
1118
1070
1022
974
926
878
830
1601
1553
1505
1457
1409
1361
1313
1265
1217
1169
1121
1073
1025
977
929
881
833
1554
1506
1458
1507
1459
1411
1412
1364
1316
1269
1221
1173
1606
1558
1510
1462
1414
1366
1318
1270
1222
1174
1126
1078
1030
982
934
886
838